8653 3482 5252 9438 
3609 2591 2591 4445 
5068 6865 7365 6767 
7584 3797 6327 4908 
1342 4362 7221 9623 
8800 4310 3695 8902 
3450 4258 2427 2344 
9936 4844 4840 5688 
1577 4915 3923 3505 
5061 1656 7128 4363 

5282 6739 6291 2477 
8645 4275 8215 6379 
7991 2186 8535 7386 
6758 8384 6387 2945 
1959 7464 2029 7866 
6504 9504 2677 5362 
1722 6028 2274 9981 
1175 2069 9842 4222 
5648 4638 5107 5325 
3418 4536 1066 6097 

8882 8119 7957 7673 
5207 9420 5596 6702 
3319 9763 5869 8347 
6269 2520 4473 2999 
1281 6366 4096 4450 
5319 4688 5516 3398 
2605 9044 8941 6728 
8544 2084 6328 6983 
4590 6695 3534 7925 
7786 1456 3626 8524 

5667 3709 5251 3906 
8061 6426 8739 1112 
4140 5687 6767 6207 
2406 2504 4672 8756 
1753 2347 4969 3278 
8974 2719 4649 2141 
2316 7131 6739 4990 
7679 4133 6981 3556 
4066 3300 9527 8840 
6722 6360 4564 6468 

2117 3968 9549 7653 
6124 5804 6564 7648 
8853 5693 6022 3206 
2972 1146 9717 5538 
2258 5932 1397 1587 
5614 2923 4437 9197 
2740 1522 5472 1549 
1403 7289 9701 2396 
7724 4634 2059 3827 
1007 8014 1721 2521 

5360 5137 6285 2617 
5346 9363 5956 9095 
5474 6976 6682 5612 
3400 5666 3737 2104 
8609 6342 6215 4144 
4569 3781 8708 3480 
3399 4859 8569 9714 
3601 5085 2871 6544 
8890 7487 5062 8558 
2449 1971 5757 5060 

9252 4665 5122 7066 
4620 4731 7131 4261 
7522 2872 9468 9305 
9227 1932 5113 1559 
1976 2733 5167 4402 
1297 6337 5014 9444 
3756 4998 6777 6950 
2944 3635 7017 5400 
5270 9077 7439 3661 
4938 5852 2369 9835 

9255 2744 2599 5193 
9465 2510 3414 6802 
6751 2327 5828 2386 
7032 4922 6653 2670 
9732 2376 6206 4352 
4343 7385 2136 7643 
8442 3510 9631 2212 
5027 7599 8404 6858 
2510 6270 5096 1304 
1147 3043 5145 7328 

5714 7928 2650 8570 
5285 4824 1494 1765 
2453 1308 5781 3501 
6631 2319 2482 1342 
4303 7475 6356 5712 
5942 1370 1996 8852 
8921 4978 6262 9077 
8218 5427 1276 6354 
2483 6042 7615 9267 
6080 8627 1511 9226 

2012 3698 4749 7237 
1175 6363 1695 7305 
8086 1468 3156 2489 
7979 9935 3336 9822 
7815 5380 5594 9825 
2397 1158 9349 3048 
5905 2084 8292 5661 
2521 5979 4185 9877 
6739 3363 1015 2343 
5583 5815 3382 2363 

